LIDAR info:
angle_min: -1.5707950592
angle_incr: 0.00291157560432
